CACHE_DATE: 2026-03-03 10:55:52
-----------------------------------------------------------
NOAA 18
1 28654U 05018A   26062.17202507  .00000073  00000+0  61833-4 0  9993
2 28654  98.8167 143.3703 0015354  92.7273 267.5658 14.13709293 71337
NOAA 19
1 33591U 09005A   26062.15206358  .00000061  00000+0  56334-4 0  9992
2 33591  98.9620 132.9118 0013148 334.1322  25.9191 14.13455278879503
LANDSAT 8
1 39084U 13008A   26062.13684756  .00000443  00000+0  10839-3 0  9996
2 39084  98.1931 133.9696 0001228  90.5662 269.5677 14.57123628682451
LANDSAT 9
1 49260U 21088A   26062.17130443  .00000479  00000+0  11642-3 0  9995
2 49260  98.1952 134.0624 0001171  89.8011 270.3322 14.57117650235561
